
Elapsed time: 0.000053
3437571 4371377 3539033 5048315 4513732 4220985 4038596 4291554 3955515 5870722 4222335 2828492 3590718 5516806 4271400 3863091 
2327591 2941265 3382470 4391738 2587793 3325709 3659749 2958423 3009471 4024108 3454233 2165987 2438870 4462049 2824083 2466967 
3336457 3955814 3560353 5429118 4528131 4575518 4553208 4206237 4403951 5460251 4538310 3377309 3761525 5984614 4459539 4076225 
2167369 2453034 2143437 3407748 2693897 3061475 3358193 2767616 3075241 3808992 2985852 2756902 2860321 3860901 2729097 3079123 
2261462 3492410 3169224 3962892 3683865 4193492 4224238 3353671 3137063 4285376 3960301 3415615 3707926 4595335 2759368 3502053 
2040431 2748939 2669702 3167821 2190840 2621473 3020458 3187374 2633363 3262808 3008017 2224405 2737971 3758308 2580507 2469157 
2024556 2725656 2863121 4486400 3787537 4023335 4092042 3039032 3030695 4487973 3832078 3098227 2899295 4957898 3016222 3521287 
2813553 4266779 3571577 5354155 3128034 3913842 4042340 4552494 3574691 6033739 3547951 3501102 3523693 5732277 3857730 4558440 
3587833 4062952 3876163 5017633 4098074 3897568 4363686 4834770 4066705 5231476 4890760 3483678 4268168 5572036 4066377 3684844 
2637342 3991911 3300947 4980490 4515089 4768703 3911720 3847354 3427710 5450325 3867291 3299918 3883205 5530526 3717643 4171332 
2785711 3609461 3305708 4925833 4742121 5148565 5009562 3599212 4318245 5948628 4285259 3783159 3837920 5875908 4099668 4835290 
3053823 3492955 3319166 4801090 4236068 4270615 4147374 4381873 3921523 4991107 4150330 2866290 3528719 5671449 3804752 4001841 
2298491 2918680 3200018 5179214 3782034 4138356 4287880 3510396 3468556 4956463 3760976 2813069 2779611 5155596 3386959 3929191 
3142216 4522895 3974377 5913126 4955355 4738880 4334895 5030275 3729361 5959226 4554845 3452011 4207319 6272812 4361608 4493661 
2836216 3531128 2873421 5001716 4091138 4496183 4474308 3682560 4465745 5742280 3532292 3121696 2721528 5615975 4396617 4866123 
2384380 3401946 2779576 3936239 2887614 2641511 3356075 3558653 2711891 4337543 3415323 2475620 2756988 4061522 3036157 2850342 

Elapsed time: 0.000053
